K = 0.15613;
T = 72.4666;
